bottle 0.9937170147895813 798 709 995 1072
bottle 0.9878544807434082 1156 672 1337 1077
bottle 0.9860130250453949 986 697 1158 1073
bottle 0.9816535711288452 217 721 418 1077
bottle 0.9109456837177277 1275 647 1535 1066
bottle 0.9132502973079681 419 732 601 1079
bottle 0.900808572769165 606 733 791 1080
bottle 0.4986230134963989 1368 684 1552 1077
bottle 0.466197669506073 346 701 1389 1077
bottle 0.44046586751937866 613 699 1049 1079
bottle 0.4231828451156616 470 729 894 1079
bottle 0.4082706868648529 307 730 759 1080
bottle 0.39729735255241394 28 572 241 890
bottle 0.36675283312797546 859 694 1246 1079
bottle 0.3316837549209595 1061 669 1463 1077
bottle 0.3283820152282715 206 730 967 1080
bottle 0.32554391026496887 970 693 1678 1069
bottle 0.31366032361984253 1684 482 1864 758
bottle 0.30404800176620483 631 693 1600 1072
