bottle 0.41671842336654663 626 351 946 695
bottle 0.7774235308170319 284 356 641 660
bottle 0.4209873378276825 305 346 1058 891
bottle 0.4162762761116028 472 117 1016 755
bottle 0.4155535399913788 324 557 1082 877
bottle 0.38101744651794434 288 253 780 810
bottle 0.3721965253353119 337 117 861 763
bottle 0.3662341833114624 655 362 815 621
bottle 0.35076114535331726 374 257 721 447
bottle 0.3409099280834198 312 413 643 605
bottle 0.2957535982131958 484 291 984 842
bottle 0.29090481996536255 319 334 796 652
