bottle 0.915976494550705 1117 1015 1522 2276
bottle 0.4447111189365387 1982 470 2361 2444
bottle 0.9165869057178497 2279 702 2773 2441
bottle 0.7281652390956879 2731 696 3121 2500
bottle 0.8173466622829437 1544 775 1937 2512
bottle 0.2897930145263672 848 911 1203 2503
bottle 0.7692259550094604 305 921 736 2400
bottle 0.2588783800601959 3215 663 3574 2604
bottle 0.48737993836402893 2973 674 3701 2443
bottle 0.48714157938957214 927 909 1345 2086
bottle 0.48465636372566223 3330 984 3792 2472
bottle 0.4767954647541046 943 926 1977 2561
bottle 0.47477367520332336 2409 687 3516 2395
bottle 0.46943411231040955 657 890 941 2280
bottle 0.4687879979610443 1833 570 2379 1280
bottle 0.46519890427589417 2988 529 3420 2088
bottle 0.4619765877723694 304 909 949 2269
bottle 0.4507867097854614 1737 708 2985 2373
bottle 0.44293123483657837 2762 716 3251 2193
bottle 0.43729686737060547 484 879 1772 2467
bottle 0.43584415316581726 1139 1109 1773 2563
bottle 0.43572869896888733 1066 763 3205 2372
bottle 0.4323354959487915 1300 911 1871 2419
bottle 0.4296843409538269 2116 788 3142 2456
bottle 0.4090827405452728 684 831 2549 2397
bottle 0.398418664932251 1264 876 2380 2494
bottle 0.39443811774253845 2470 781 3050 2386
bottle 0.32483696937561035 1484 731 2626 2432
bottle 0.2863462567329407 804 912 1658 2276
