bottle 0.49566033482551575 241 62 305 190
bottle 0.4447338879108429 301 72 357 237
bottle 0.44021502137184143 359 327 535 436
bottle 0.4295178949832916 342 7 391 106
bottle 0.4111146628856659 416 340 518 432
bottle 0.4079169034957886 330 304 567 422
bottle 0.35023900866508484 317 373 413 440
bottle 0.3375268578529358 530 349 607 424
bottle 0.33048802614212036 349 315 508 378
bottle 0.32989728450775146 406 368 524 437
bottle 0.32765188813209534 541 261 627 356
bottle 0.32634711265563965 348 261 605 418
bottle 0.2928585708141327 404 334 540 406
bottle 0.29167506098747253 334 280 566 390
bottle 0.2504509687423706 364 172 568 395
